0 0.524219 0.701042 0.0234375 0.18125
0 0.386719 0.701042 0.0234375 0.18125
0 0.661719 0.698958 0.0234375 0.18125
0 0.457031 0.702083 0.0234375 0.183333
0 0.592969 0.7 0.0234375 0.183333
0 0.792969 0.696875 0.0234375 0.18125
0 0.31875 0.7 0.021875 0.179167
2 0.386719 0.588542 0.0453125 0.402083
2 0.319531 0.588542 0.0453125 0.397917
2 0.589844 0.5875 0.0453125 0.4
2 0.785156 0.5875 0.0484375 0.391667
2 0.453906 0.589583 0.0453125 0.404167
2 0.521094 0.5875 0.0453125 0.404167
0 0.728906 0.698958 0.0234375 0.18125
2 0.657812 0.589583 0.046875 0.4
2 0.721875 0.590625 0.05 0.402083
